Fillter M
188, 0, 0, 0, 0, 216, 367, 550, 203, 0, 0, 0, 0
0, 118, 227, 1093, 254, 0, 0, 0, 0, 26, 16, 486, 0
1256, 411, 342, 842, 764, 110, 0, 309, 108, 25, 42, 158, 25
Fillter G
338, 115, 0, 0, 0, 0, 0, 0, 0, 0, 914, 167, 346, 346, 552, 552, 569, 236, 34, 34, 0, 0, 339, 0, 0, 0
223, 0, 222, 222, 0, 0, 1191, 1191, 295, 295, 747, 0, 0, 0, 0, 0, 333, 0, 44, 44, 0, 0, 871, 532, 0, 0
1142, 919, 373, 373, 48, 48, 1329, 1329, 1054, 1054, 828, 81, 0, 0, 0, 0, 371, 38, 0, 0, 47, 47, 393, 54, 0, 0
Do lech chuan
Fillter M
171.3606874609827
301.6159437344003
374.1126622070799
Fillter G
243.59736155429314
361.1152269021506
467.69781752827333

